EE5393
Homework 1
Problem 2
Aaron Olsen

simulations are done with 2000 trials each
./aleae lambda.in lambda.r 2000 -1 0

Quote from HW:
With this model, we can assume that lambda has entered “stealth” mode when
cI2 > 145; it has entered “hijack” mode when Cro2 > 55.


MOI=1---
simulation stats:
avg [30.0580, 45.8715, 1.0000, 8.0590, 0.0510, 0.6575, 0.0245, 1.0000, 0.0300, 16.3530, 0.0050, 0.0025, 0.0800, 0.0235, 0.6885, 0.0045, 0.6660, 0.1855, 20.0650, 0.0005, 0.1055, 79.8340, 0.0280, 0.0035, 0.0950, 0.0150, 0.3425, 0.3210, 0.0475, 0.0290, 0.4330, 16.8015, 0.0055, 0.6525, 1.0000, 0.0065, 0.3215, 0.0235, 0.0115, 0.0340, 0.1010, 0.0075, 0.0590, 14.5740, 0.0140, 0.1025, 0.1505, 0.6790, 0.0095, 31.9175, 28.4020, 0.3280, 0.3475, 0.4410, 0.2025, 3.2780, 0.1010, 0.0015, 0.0015, 0.3340, 0.6720]
cI2 >= 145: 335 (16.7500%)
Cro2 >= 55: 1665 (83.2500%)
avg   events/trial 279768.6830
avg   runtime      0.228.236
total runtime      456.472.81
---

MOI=2---
simulation stats:
avg [40.1135, 44.1490, 2.0000, 10.6475, 0.0620, 0.7415, 0.0230, 1.0000, 0.0775, 27.0105, 0.0080, 0.0020, 0.0880, 0.0190, 0.6305, 0.0125, 0.7580, 0.1595, 26.6010, 0.0000, 0.0880, 73.2530, 0.0320, 0.0075, 0.1580, 0.0085, 0.2585, 0.2455, 0.0410, 0.0510, 0.3470, 17.9335, 0.0025, 0.7515, 1.0000, 0.0090, 0.5540, 0.0565, 0.0185, 0.0530, 0.0870, 0.0055, 0.0580, 18.9760, 0.0155, 0.1370, 0.2310, 0.7545, 0.0150, 29.2960, 28.5280, 0.2365, 0.2485, 0.3605, 0.1910, 6.3620, 0.1460, 0.0005, 0.0010, 0.2420, 0.7635]
cI2 >= 145: 419 (20.9500%)
Cro2 >= 55: 1581 (79.0500%)
avg   events/trial 143154.3150
avg   runtime      0.126.163
total runtime      252.327.129
---

MOI=3---
simulation stats:
avg [46.1640, 44.5795, 3.0000, 11.7840, 0.0730, 0.7865, 0.0185, 1.0000, 0.1180, 32.4205, 0.0070, 0.0010, 0.0690, 0.0135, 0.5990, 0.0155, 0.7835, 0.1450, 29.5710, 0.0010, 0.0665, 70.2180, 0.0375, 0.0035, 0.1885, 0.0110, 0.2135, 0.2120, 0.0440, 0.0545, 0.3410, 19.3575, 0.0040, 0.7970, 1.0000, 0.0075, 0.6460, 0.0635, 0.0360, 0.0765, 0.0720, 0.0065, 0.0685, 21.1155, 0.0095, 0.1315, 0.2725, 0.7880, 0.0185, 28.1525, 28.6100, 0.2135, 0.2030, 0.3110, 0.1755, 8.5980, 0.2110, 0.0015, 0.0020, 0.2165, 0.7865]
cI2 >= 145: 457 (22.8500%)
Cro2 >= 55: 1543 (77.1500%)
avg   events/trial 107555.5775
avg   runtime      0.93.323
total runtime      186.646.638
---

MOI=4---
simulation stats:
avg [53.4980, 44.7415, 4.0000, 12.8445, 0.0765, 0.8150, 0.0165, 1.0000, 0.1565, 36.4135, 0.0045, 0.0015, 0.0740, 0.0195, 0.5740, 0.0180, 0.8330, 0.1255, 31.9830, 0.0000, 0.0580, 67.7660, 0.0365, 0.0040, 0.2145, 0.0065, 0.1850, 0.1885, 0.0290, 0.0525, 0.3155, 20.4395, 0.0010, 0.8070, 1.0000, 0.0125, 0.7175, 0.0745, 0.0370, 0.0760, 0.0835, 0.0040, 0.0660, 23.4250, 0.0110, 0.1415, 0.3135, 0.8115, 0.0140, 27.0810, 28.6690, 0.1725, 0.1930, 0.2830, 0.1730, 10.5535, 0.2510, 0.0000, 0.0010, 0.1670, 0.8275]
cI2 >= 145: 520 (26.0000%)
Cro2 >= 55: 1480 (74.0000%)
avg   events/trial 87701.7880
avg   runtime      0.77.850
total runtime      155.701.964
---

MOI=5---
simulation stats:
avg [54.6875, 46.2910, 5.0000, 13.8365, 0.0825, 0.8375, 0.0160, 1.0000, 0.1835, 40.2940, 0.0045, 0.0005, 0.0715, 0.0160, 0.5355, 0.0105, 0.8440, 0.1350, 34.4470, 0.0000, 0.0600, 65.2635, 0.0255, 0.0060, 0.2680, 0.0095, 0.1625, 0.1685, 0.0325, 0.0635, 0.3135, 21.1600, 0.0020, 0.8435, 1.0000, 0.0105, 0.8630, 0.0975, 0.0315, 0.0985, 0.0825, 0.0050, 0.0680, 24.1985, 0.0105, 0.1230, 0.3110, 0.8315, 0.0150, 26.0660, 28.6815, 0.1530, 0.1565, 0.2415, 0.1645, 13.2605, 0.2895, 0.0020, 0.0005, 0.1560, 0.8470]
cI2 >= 145: 512 (25.6000%)
Cro2 >= 55: 1488 (74.4000%)
avg   events/trial 64134.8270
avg   runtime      0.56.925
total runtime      113.851.874
---

MOI=6---
simulation stats:
avg [61.8630, 45.4525, 6.0000, 14.0870, 0.0930, 0.8600, 0.0160, 1.0000, 0.2030, 41.8695, 0.0055, 0.0000, 0.0635, 0.0070, 0.5420, 0.0175, 0.8515, 0.1320, 35.4165, 0.0020, 0.0620, 64.2705, 0.0245, 0.0090, 0.2620, 0.0055, 0.1400, 0.1455, 0.0335, 0.0630, 0.2790, 21.8740, 0.0020, 0.8615, 1.0000, 0.0055, 0.8995, 0.0995, 0.0415, 0.0885, 0.0670, 0.0040, 0.0695, 26.0260, 0.0105, 0.1405, 0.3505, 0.8545, 0.0140, 25.8135, 28.7235, 0.1520, 0.1385, 0.2295, 0.1545, 13.9505, 0.3130, 0.0010, 0.0015, 0.1485, 0.8480]
cI2 >= 145: 607 (30.3500%)
Cro2 >= 55: 1393 (69.6500%)
avg   events/trial 56111.5735
avg   runtime      0.50.172
total runtime      100.345.87
---

MOI=7---
simulation stats:
avg [62.2710, 46.7425, 7.0000, 14.8240, 0.0875, 0.8700, 0.0175, 1.0000, 0.1930, 44.5360, 0.0040, 0.0030, 0.0675, 0.0105, 0.4870, 0.0120, 0.8735, 0.1275, 37.1665, 0.0015, 0.0505, 62.4560, 0.0240, 0.0085, 0.3185, 0.0060, 0.1300, 0.1315, 0.0290, 0.0620, 0.3025, 22.4610, 0.0010, 0.8690, 1.0000, 0.0100, 0.9410, 0.1145, 0.0475, 0.1015, 0.0670, 0.0020, 0.0635, 26.4320, 0.0110, 0.1450, 0.3535, 0.8685, 0.0140, 25.0615, 28.6840, 0.1285, 0.1310, 0.2250, 0.1440, 16.7170, 0.3775, 0.0010, 0.0020, 0.1265, 0.8715]
cI2 >= 145: 580 (29.0000%)
Cro2 >= 55: 1420 (71.0000%)
avg   events/trial 45756.2505
avg   runtime      0.40.518
total runtime      81.37.956
---

MOI=8---
simulation stats:
avg [66.4715, 46.4105, 8.0000, 15.3320, 0.0780, 0.8820, 0.0215, 1.0000, 0.2140, 47.9110, 0.0050, 0.0025, 0.0655, 0.0085, 0.4975, 0.0140, 0.8805, 0.1175, 38.0590, 0.0030, 0.0505, 61.5325, 0.0305, 0.0085, 0.3195, 0.0085, 0.1180, 0.1155, 0.0250, 0.0465, 0.2785, 22.7010, 0.0005, 0.8850, 1.0000, 0.0070, 1.0305, 0.1255, 0.0450, 0.1140, 0.0645, 0.0035, 0.0595, 27.6835, 0.0095, 0.1520, 0.3745, 0.8845, 0.0155, 24.5425, 28.7065, 0.1245, 0.1150, 0.2235, 0.1355, 18.0115, 0.4085, 0.0005, 0.0005, 0.1195, 0.8755]
cI2 >= 145: 629 (31.4500%)
Cro2 >= 55: 1371 (68.5500%)
avg   events/trial 39724.1620
avg   runtime      0.35.163
total runtime      70.327.643
---

MOI=9---
simulation stats:
avg [69.7545, 46.6080, 9.0000, 15.8520, 0.0875, 0.8810, 0.0140, 1.0000, 0.2295, 49.4760, 0.0035, 0.0020, 0.0660, 0.0090, 0.4665, 0.0155, 0.8895, 0.1165, 39.4820, 0.0015, 0.0430, 60.0920, 0.0310, 0.0065, 0.3560, 0.0090, 0.1190, 0.1030, 0.0315, 0.0530, 0.2730, 22.9540, 0.0025, 0.8945, 1.0000, 0.0060, 1.1065, 0.1390, 0.0500, 0.1035, 0.0695, 0.0020, 0.0715, 28.5460, 0.0065, 0.1425, 0.3975, 0.8970, 0.0175, 24.0090, 28.7450, 0.1165, 0.1055, 0.1885, 0.1255, 19.7370, 0.4260, 0.0015, 0.0010, 0.1105, 0.8835]
cI2 >= 145: 648 (32.4000%)
Cro2 >= 55: 1352 (67.6000%)
avg   events/trial 34639.1725
avg   runtime      0.30.913
total runtime      61.827.110
---

MOI=10---
simulation stats:
avg [71.6795, 46.0665, 10.0000, 16.2010, 0.0815, 0.8945, 0.0115, 1.0000, 0.2445, 52.5640, 0.0040, 0.0015, 0.0700, 0.0060, 0.4480, 0.0140, 0.8875, 0.1130, 40.2420, 0.0005, 0.0425, 59.3230, 0.0340, 0.0090, 0.3715, 0.0065, 0.1055, 0.1095, 0.0270, 0.0560, 0.2740, 23.5555, 0.0025, 0.8840, 1.0000, 0.0060, 1.2890, 0.1505, 0.0625, 0.1085, 0.0715, 0.0020, 0.0600, 28.5395, 0.0070, 0.1310, 0.3965, 0.8905, 0.0240, 23.6485, 28.7570, 0.1070, 0.1160, 0.1945, 0.1165, 21.7010, 0.4350, 0.0005, 0.0020, 0.1125, 0.8930]
cI2 >= 145: 710 (35.5000%)
Cro2 >= 55: 1290 (64.5000%)
avg   events/trial 30187.9740
avg   runtime      0.27.71
total runtime      54.142.667
---



